15 pa3-A-Output.txt
5.76 19.75 -3.02 5.76 19.75 -3.02 0.00
17.91 25.33 -18.84 17.91 25.32 -18.84 0.00
-39.30 -22.33 -30.75 -39.30 -22.33 -30.75 0.00
-9.83 -13.44 -1.22 -9.83 -13.44 -1.22 0.00
-24.99 -28.76 -38.54 -24.99 -28.76 -38.54 0.00
-41.37 -14.71 -29.90 -41.37 -14.71 -29.90 0.00
33.83 16.25 7.01 33.83 16.25 7.01 0.00
-2.49 -7.41 29.48 -2.49 -7.42 29.48 0.01
26.65 23.30 -10.09 26.65 23.29 -10.09 0.00
3.48 8.81 -14.50 3.48 8.82 -14.50 0.00
-22.85 -12.86 -48.79 -22.84 -12.61 -48.77 0.24
23.77 -6.19 13.77 23.77 -6.19 13.77 0.00
-6.25 10.37 2.06 -6.25 10.37 2.06 0.00
-39.01 -17.63 -14.57 -39.01 -17.63 -14.57 0.00
-24.84 -11.01 -6.09 -24.84 -11.01 -6.09 0.00
