15 pa3-B-Output.txt
11.16 19.13 -26.09 11.24 19.11 -26.08 0.09
-29.93 -33.23 -31.16 -28.97 -30.95 -30.73 2.52
-8.33 2.92 31.07 -7.64 3.03 30.92 0.72
1.16 11.02 -8.30 1.18 10.95 -8.27 0.08
-31.62 -5.26 -12.85 -32.46 -3.97 -9.86 3.36
-24.44 -0.75 -14.42 -25.50 1.09 -12.61 2.79
-16.62 15.47 17.48 -14.86 16.10 18.90 2.35
12.63 22.05 16.64 12.76 24.56 16.95 2.53
30.57 4.13 -29.96 29.80 3.90 -28.74 1.46
17.56 24.28 -10.29 18.69 25.79 -11.39 2.18
-22.81 3.89 -44.38 -22.83 3.48 -43.79 0.72
-16.49 -33.90 -28.16 -16.49 -32.34 -27.96 1.58
27.77 17.55 -24.54 27.67 17.47 -24.45 0.16
31.59 -2.09 11.52 32.84 -3.18 11.95 1.72
27.25 5.82 -32.89 27.03 6.16 -30.05 2.87
