15 pa3-C-Output.txt
-6.63 -11.23 -45.62 -7.12 -10.83 -44.49 1.30
1.27 20.51 40.69 1.27 20.57 40.70 0.06
9.17 -6.25 41.39 9.21 -6.57 41.38 0.32
33.32 10.74 -22.81 33.24 10.72 -22.77 0.09
19.81 17.71 33.46 20.99 18.41 33.83 1.42
27.52 -8.18 6.20 27.54 -8.15 6.19 0.04
-8.77 6.26 46.46 -6.96 6.14 46.57 1.83
27.63 -11.79 -12.06 27.49 -12.42 -12.40 0.73
-18.02 -16.25 -49.99 -18.33 -15.50 -48.29 1.89
-38.99 4.33 -25.80 -38.61 3.88 -25.91 0.60
9.98 18.35 60.86 9.67 18.97 61.32 0.83
-26.59 -31.38 -34.63 -26.64 -30.88 -34.21 0.66
2.60 -16.25 -23.47 2.69 -16.31 -23.44 0.11
15.07 6.59 -21.16 16.34 6.70 -20.89 1.30
20.80 17.23 30.86 22.10 17.86 31.35 1.52
