15 pa3-D-Output.txt
-26.32 -16.09 -49.89 -25.76 -15.84 -47.78 2.20
33.13 14.14 -13.38 34.70 14.86 -13.98 1.82
31.72 5.51 -25.26 32.30 5.47 -25.60 0.67
2.86 -10.65 14.82 2.85 -10.60 14.81 0.06
-30.75 -22.21 -10.12 -30.73 -22.11 -9.22 0.91
12.44 -9.53 12.14 12.07 -9.35 12.47 0.52
-15.01 17.95 34.51 -14.08 17.73 33.94 1.11
-2.19 -17.52 -6.99 -2.45 -17.32 -7.50 0.61
-8.48 -27.26 -37.97 -9.17 -26.22 -37.33 1.40
-11.51 6.44 49.44 -7.16 5.88 49.69 4.39
-9.59 -27.55 -18.08 -9.47 -27.78 -18.03 0.27
-44.22 -10.73 -23.83 -43.90 -10.68 -23.92 0.33
15.42 19.93 35.51 15.45 21.76 36.08 1.92
-5.15 -18.61 -8.50 -5.55 -18.22 -8.70 0.59
3.33 22.30 27.79 3.46 23.18 27.91 0.90
