15 pa3-E-Output.txt
17.66 10.82 54.13 21.14 12.03 54.32 3.69
-32.65 -30.13 -39.43 -30.96 -27.18 -37.64 3.85
-17.78 -19.37 -49.06 -18.09 -18.82 -47.17 2.00
-31.03 6.14 -36.12 -30.83 6.70 -36.60 0.77
-27.78 4.92 -41.20 -27.81 5.01 -40.85 0.36
6.28 10.05 -13.41 6.58 9.50 -13.44 0.63
14.30 1.41 -24.56 15.46 1.23 -21.52 3.26
-19.88 5.50 -40.41 -19.90 5.78 -41.40 1.03
23.74 3.84 24.54 27.36 3.48 26.26 4.03
14.14 -7.97 23.20 13.97 -6.79 23.08 1.19
-18.07 -7.06 0.07 -17.23 -6.90 -0.43 0.99
-2.28 -5.07 -27.62 -0.81 -4.11 -28.56 1.99
-41.51 -13.62 -42.49 -38.68 -13.28 -40.84 3.30
30.10 15.20 -6.44 33.03 17.65 -6.30 3.82
14.25 -9.29 11.87 14.18 -9.09 11.78 0.23
