15 pa3-F-Output.txt
-33.94 -28.71 -20.34 -33.42 -28.06 -20.53 0.86
4.31 -20.12 -14.89 2.81 -18.22 -14.68 2.43
-6.38 -5.71 33.41 -5.16 -4.61 32.81 1.75
-9.27 -29.37 -38.64 -10.82 -27.30 -37.41 2.86
-38.37 0.91 -25.07 -39.95 2.00 -25.06 1.92
-5.78 -29.91 -19.63 -7.36 -27.21 -20.30 3.20
21.23 -13.61 2.31 20.35 -11.57 1.10 2.53
8.05 -18.53 -3.30 8.60 -15.90 -4.34 2.89
24.07 7.80 -30.11 23.98 7.75 -30.48 0.38
-37.65 -2.08 -36.55 -38.96 -1.28 -37.28 1.70
2.33 -9.33 -27.28 1.86 -9.32 -26.85 0.63
0.74 -14.46 -31.42 0.15 -14.44 -31.40 0.59
-15.78 9.29 -23.21 -15.94 11.06 -22.42 1.94
-9.89 9.51 35.96 -8.82 10.06 35.62 1.25
-1.26 -22.15 -37.62 -3.34 -20.65 -36.27 2.90
