15 pa3-G-Output.txt
-11.09 11.91 30.48 -12.34 11.00 30.64 1.56
18.05 22.94 7.77 18.87 25.41 8.49 2.71
10.79 14.21 -10.62 11.12 14.21 -11.17 0.64
6.72 -15.18 5.91 6.92 -12.63 5.29 2.64
-38.36 -18.31 -36.04 -39.16 -18.51 -36.20 0.84
26.74 -18.27 -14.80 24.54 -14.72 -14.63 4.19
-0.66 -8.45 -32.46 -1.41 -8.87 -32.05 0.95
-8.42 4.53 8.30 -11.69 5.90 7.80 3.57
5.42 -8.81 43.85 5.26 -6.96 43.90 1.86
-13.92 -1.82 -45.59 -13.65 -1.42 -46.20 0.77
-13.65 7.80 -24.14 -12.11 10.30 -24.58 2.96
41.50 6.50 -1.60 40.30 6.11 -1.69 1.27
26.09 -7.70 18.99 24.62 -4.84 18.19 3.32
12.37 9.53 61.26 12.35 9.41 63.09 1.83
16.92 8.93 -19.68 15.92 8.73 -19.90 1.05
