15 pa3-H-Output.txt
2.23 -14.50 7.27 2.71 -12.09 6.99 2.47
-4.47 -8.43 -38.52 -3.05 -8.07 -39.75 1.92
-36.11 -2.65 -42.70 -35.33 -2.45 -42.59 0.82
-12.56 -0.54 -43.45 -11.99 -0.08 -44.16 1.02
-37.99 -21.26 -13.03 -36.80 -20.69 -13.71 1.48
17.23 -13.34 5.77 16.61 -11.66 4.93 1.98
-4.81 7.68 -9.14 -5.20 8.87 -9.04 1.26
-2.56 -9.47 42.66 -1.26 -6.07 42.80 3.65
19.26 -10.74 14.07 18.70 -7.60 13.42 3.25
28.99 18.66 0.19 31.04 20.04 0.17 2.47
12.29 15.23 61.82 12.32 15.23 63.09 1.27
11.42 19.05 29.50 11.44 22.57 30.16 3.58
-30.73 -28.13 -14.80 -30.18 -27.55 -15.23 0.91
23.20 8.21 40.28 24.06 8.24 40.41 0.87
-32.40 -11.01 -6.84 -32.28 -11.06 -7.09 0.29
