15 pa3-J-Output.txt
19.70 3.06 50.58 21.67 2.24 50.91 2.16
24.40 10.96 27.18 26.36 11.23 27.39 1.98
8.69 16.56 -10.86 9.65 16.91 -9.73 1.52
-18.47 -1.62 -0.32 -17.76 -1.85 -0.62 0.81
-40.71 -10.98 -40.88 -39.41 -10.78 -40.17 1.49
-25.18 15.95 -26.95 -24.48 12.07 -27.07 3.94
-14.67 5.46 9.27 -12.71 4.33 9.16 2.27
37.48 5.33 -12.51 37.82 5.48 -12.68 0.40
25.04 12.40 27.34 25.86 12.66 27.57 0.89
20.64 22.41 24.94 20.06 21.48 24.80 1.10
-2.50 -7.65 16.92 -3.21 -9.65 17.22 2.14
10.17 27.62 -6.92 11.55 25.40 -6.09 2.74
-28.10 -26.13 -18.53 -29.33 -29.10 -17.45 3.39
32.28 18.90 4.38 31.95 19.04 4.67 0.45
3.84 -11.02 -22.26 5.11 -11.94 -23.24 1.86
